2003	1	16	41.5	2518.8	0	896	6812	1	1.6	-22.7
2003	1	21	38.3	2518.8	0	908	6576	1	1.4	-25.2
2003	3	5	31.7	2519	0	937	6872	1	1.7	-22.9
2003	3	15	35	2519.3	0	879	6673	1	1.7	-25.9
2003	4	3	37.9	2519.2	0	875	7073	1	1.9	-23.4
2003	4	29	41.4	2518.7	0	964	7110	1	2.3	-21.7
2003	5	15	41.6	2518.3	0	943	7140	1	2.5	-20.7
2003	5	29	36	2518.5	0	921	7174	1	2.4	-21.2
2003	6	11	29	2518.4	0	949	7268	1	1.8	-17.1
2003	6	27	24.4	2518.3	0	979	7368	1	2.2	-23.5
2003	7	13	23.4	2518.8	0	968	6912	1	2.1	-22.1
2003	7	23	25.4	2518.7	0	1034	7306	1	2.3	-22.6
2003	8	5	24.2	2518.4	0	888	7305	1	2.3	-20.4
2003	8	25	23.2	2518.2	0	948	7398	1	2.5	-21.2
2003	9	15	21.9	2518.5	0	1010	7254	1	2.5	-24.1
2003	10	6	18.2	2519.5	0	884	7029	1	1.9	-24.6
2003	11	5	18.2	2519.6	0	908	7240	1	2	-26.6
2003	12	31	20	2522.2	0	881	6894	1	1.5	-16.6
2004	1	23	23	2523.3	0	833	6517	1	0.8	-28.9
2004	2	9	26	2524.7	0	834	6297	1	0.6	-27.5
2004	2	26	21	2526.5	0	801	6366	1	0.6	-23.9
2004	3	10	30	2527.5	0	790	6614	1	0.4	-25.9
2004	4	10	29	2526.9	0	789	6404	1	0.7	-22.3
2004	5	17	24	2526.7	0	819	6332	1	0.52	-28.2
2004	6	9	21	2527	0	813	6644	1	0.41	-32.2
2004	7	9	19.8	2527	0	856	6483	1	0.44	-26.2
2004	8	3	19.5	2526.7	0	793	6270	1	0.41	-25.5
2004	8	20	16.6	2527	0	832	6158	1	0.37	-26.3
2004	9	21	14.8	2526.8	0	759	6408	1	0.36	-30.8
2004	10	21	15	2527.2	0	758	6465	1	0.09	-30.29
2004	11	13	18.9	2527.6	0	760	6400	1	-0.37	-34.7
2004	11	19	19.3	2527.6	0	795	6277	1	-0.11	-32
2004	12	7	19.1	2528.1	0	741	6207	1	0.1	-34.3
2004	12	15	21	2528.1	0	758	6113	1	-0.1	-36.5
2005	1	12	28.3	2529.8	0	783	6124	1	0.11	-34.4
2005	1	20	30.2	2529.7	0	778	6124	1	0.2	-38.1
2005	2	9	39	2530.1	0	789	6341	1	0.3	-28.4
2005	2	23	36.7	2529.7	0	789	6241	1	0.281	-28.9
2005	3	2	34.5	2529.8	0	778	6255	1	0.287	-29.1
2005	3	12	33.2	2529.4	0	737	6310	1	0.518	-29.9
2005	4	6	28.5	2529.2	0	736	6032	1	0.39	-26.9
2005	6	10	19	2528.1	0	727	6258	1	-0.64	-29.97
2005	8	4	23	2528.3	0	737	6391	1	0.44	-31.7
2005	8	21	32.2	2528.5	0	696	6360	1	0.81	-31.5
2005	8	31	37.8	2528.5	0	692	6561	1	1.07	-29.9
2005	9	24	34.3	2527.7	0	744	6652	1	1.37	-28.7
2005	10	12	31.4	2527.8	0	739	6845	1	1.46	-29
2005	10	27	36.5	2528.1	0	764	6945	1	1.59	-29
2005	11	15	38.8	2527.7	0	783	6994	1	1.9	-27.8
2005	12	28	28.5	2527.9	0	800	7000	1		
2006	2	16	30.8	2530	0	703	6441	1	1.6	-27.3
2006	3	1	28.3	2529.7	0	729	6947	1	1.7	-26.1
2006	4	20	25.5	2530.6	0	769	6884	1	1.8	-25.9
2006	5	20	29.1	2530.9	0	727	6845	1	1.2	-27.6
2006	6	2	31.6	2531.3	0	685	6840	1	1.1	-27
2006	7	9	20.8	2530.8	0	770	7288	1	1.28	-27.3
2006	7	25	19.3	2530.7	0	802	6777	1	1.04	-26.7
2006	8	24	16.6	2531	0	759	6635	1	0.81	-24
2006	9	12	15.5	2531	0	739	6728	1	0.7	-28.3
2006	10	7	22.2	2532.2	0	763	6773	1	1.1	-23.8
2006	10	26	25.6	2532.4	0	752	6662	1	1.1	-29.6
2006	11	1	27.2	2532.5	0	739	6688	1	1.42	-26.8
2007	1	4	26.2	2534.2	0	791	6522	1	1.29	-27.4
2007	1	17	26.5	2534.9	0	776	6483	1	0.86	-31.8
2007	2	14	28.3	2535.4	0	736	6111	1	1.27	-25.6
2007	2	19	28.2	2535.3	0	729	6475	1	1.25	-27.5
2007	3	23	24.2	2529.3	10	730	6304	1	0.8	-30
2007	5	30	19.4	2529.3	0	747	6353	1	0.82	-27.7
2007	8	15	13.5	2529.3	10	692	6304	1	0.32	-28.8
2007	9	8	14	2529.3	0	792	6248	1	0.52	-32.4
2007	9	28	19	2529.3	0	809	6307	1	0.4	-31
2007	10	20	28.2	2529.3	0	1046	6866	1	0.55	-30.4
2007	10	30	32	2529.3	0	1057	6869	1	0.73	-29.9
2007	11	20	34	2529.3	0	958	6534	1	0.75	-29.4
2007	12	21	37.6	2529.3	10	1032	6576	1	1.05	-27.8
2008	1	12	35.3	2529.3	10	1044	6927	1	1	-31.5
2008	1	17	36.8	2529.3	50	993	6690	1	1.1	-27.6
2008	3	6	34	2529.3	10	1037	6596	1	1.08	-28.3
2008	4	10	33.8	2529.3	1	1033	6737	1	1.49	-27.2
2008	5	15	37.4	2529.3	7	1045	6940	1	1.84	-28.6
2008	6	11	35	2529.3	0	1055	7094	1	1.96	-27.5
2008	7	10	25.9	2529.3	0	1046	7018	1	1.92	-27.3
2008	8	29	15.7	2529.3	10	1010	6739	1	1.29	-30.7
2008	9	16	22.4	2529.3	10	1034	6768	1	1.31	-27.9
2008	10	14	23.2	2529.3	10	988	6879	1	1.29	-30.7
2008	11	27	23.8	2529.3	0	1012	6599	1	1.34	-28.8
2008	12	22	30	2529.3	10	1033	6723	1	1.28	-28.3
2009	1	13	36	2529.3	1	942	6420	1	1.22	-31.2
2009	1	23	32.9	2529.3	0	1008	6603	1	1.37	-29.7
2009	2	27	24.8	2529.3	10	1025	6267	1	0.65	-31.1
2009	4	3	23	2529.3	10	976	6088	1	0.685	-31.6
2009	5	29	18.6	2529.3	5	1032	6079	1	0.615	-31.7
2009	7	2	20.2	2529.3	20	1030	6076	1	0.47	-31
2009	7	27	24.9	2529.3	65	1090	6060	1	0.545	-30
2009	9	7	26.7	2529.3	7.5	1170	6272	1	0.995	-30
2009	10	31	22.9	2529.3	10	1164	6212	1	1.06	-30
2009	12	8	21.5	2529.3	0	1139	6029	1	1.055	-22.4
2010	1	29	21.1	2529.3	0	1043	5814	1	0.56	-30.2
2010	3	5	23.8	2529.3	0	1139	6029	1		
